 0.00000000e+00  0.00000000e+00 
 1.00000000e-13  9.20045022e-03 
 2.00000000e-13  1.74449556e-02 
 4.00000000e-13  3.32852178e-02 
 8.00000000e-13  6.31411539e-02 
 1.60000000e-12  1.19581126e-01 
 3.20000000e-12  2.22329183e-01 
 6.40000000e-12  4.00772486e-01 
 1.28000000e-11  6.82850598e-01 
 2.28000000e-11  9.56153928e-01 
 3.28000000e-11  1.07478513e+00 
 4.28000000e-11  1.13695868e+00 
 5.28000000e-11  1.21416527e+00 
 6.28000000e-11  1.20059903e+00 
 7.28000000e-11  9.38012812e-01 
 8.28000000e-11  5.37279938e-01 
 9.28000000e-11  2.17627751e-01 
 1.02800000e-10  8.45973596e-02 
 1.12800000e-10  3.31563882e-02 
 1.22800000e-10 -2.24699936e-02 
 1.32800000e-10  2.16710055e-02 
 1.42800000e-10  3.14141443e-01 
 1.52800000e-10  7.09207429e-01 
 1.62800000e-10  9.70701005e-01 
 1.72800000e-10  1.08114541e+00 
 1.82800000e-10  1.14858230e+00 
 1.92800000e-10  1.22264896e+00 
 2.02800000e-10  1.16943093e+00 
 2.12800000e-10  8.63359743e-01 
 2.22800000e-10  4.63246811e-01 
 2.32800000e-10  1.77740228e-01 
 2.42800000e-10  7.32672698e-02 
 2.52800000e-10  2.23748992e-02 
 2.62800000e-10 -2.79353602e-02 
 2.72800000e-10  5.96272434e-02 
 2.82800000e-10  3.93941948e-01 
 2.92800000e-10  7.74292377e-01 
 3.02800000e-10  1.00217662e+00 
 3.12800000e-10  1.09401915e+00 
 3.22800000e-10  1.16378512e+00 
 3.32800000e-10  1.22886364e+00 
 3.42800000e-10  1.12869621e+00 
 3.52800000e-10  7.85770309e-01 
 3.62800000e-10  3.94092277e-01 
 3.72800000e-10  1.45610900e-01 
 3.82800000e-10  6.34128203e-02 
 3.92800000e-10  1.08794465e-02 
 4.02800000e-10 -2.86826499e-02 
 4.12800000e-10  1.07197169e-01 
 4.22800000e-10  4.74169415e-01 
 4.32800000e-10  8.32174778e-01 
 4.42800000e-10  1.02770777e+00 
 4.52800000e-10  1.10643439e+00 
 4.62800000e-10  1.17959723e+00 
 4.72800000e-10  1.22881296e+00 
 4.82800000e-10  1.07747401e+00 
 4.92800000e-10  7.06742464e-01 
 5.02800000e-10  3.30806331e-01 
 5.12800000e-10  1.20628101e-01 
 5.22800000e-10  5.40773715e-02 
 5.32800000e-10 -8.82172196e-04 
 5.42800000e-10 -2.28213714e-02 
 5.52800000e-10  1.63653026e-01 
 5.62800000e-10  5.52406371e-01 
 5.72800000e-10  8.82944219e-01 
 5.82800000e-10  1.04813619e+00 
 5.92800000e-10  1.11908317e+00 
 6.02800000e-10  1.19537678e+00 
 6.12800000e-10  1.22074725e+00 
 6.22800000e-10  1.01681912e+00 
 6.32800000e-10  6.27207746e-01 
 6.42800000e-10  2.73782794e-01 
 6.52800000e-10  1.01377291e-01 
 6.62800000e-10  4.46146143e-02 
 6.72800000e-10 -1.20094374e-02 
 6.82800000e-10 -8.24961378e-03 
 6.92800000e-10  2.28962253e-01 
 7.02800000e-10  6.27551455e-01 
 7.12800000e-10  9.27280481e-01 
 7.22800000e-10  1.06474248e+00 
 7.32800000e-10  1.13238533e+00 
 7.42800000e-10  1.20971592e+00 
 7.52800000e-10  1.20287482e+00 
 7.62800000e-10  9.48236286e-01 
 7.72800000e-10  5.48818663e-01 
 7.82800000e-10  2.24337036e-01 
 7.92800000e-10  8.65654589e-02 
 8.02800000e-10  3.46471313e-02 
 8.12800000e-10 -2.12652804e-02 
 8.22800000e-10  1.69461500e-02 
 8.32800000e-10  3.02732422e-01 
 8.42800000e-10  6.98969866e-01 
 8.52800000e-10  9.65635284e-01 
 8.62800000e-10  1.07905261e+00 
 8.72800000e-10  1.14654727e+00 
 8.82800000e-10  1.22119524e+00 
 8.92800000e-10  1.17460134e+00 
 9.02800000e-10  8.74421666e-01 
 9.12800000e-10  4.73862098e-01 
 9.22800000e-10  1.83071125e-01 
 9.32800000e-10  7.48372691e-02 
 9.42800000e-10  2.39713103e-02 
 9.52800000e-10 -2.73537600e-02 
 9.62800000e-10  5.33838580e-02 
 9.72800000e-10  3.82169612e-01 
 9.82800000e-10  7.65120749e-01 
 9.92800000e-10  9.98006839e-01 
 1.00280000e-09  1.09210678e+00 
 1.01280000e-09  1.16158156e+00 
 1.02280000e-09  1.22822639e+00 
 1.03280000e-09  1.13543065e+00 
 1.04280000e-09  7.97251399e-01 
 1.05280000e-09  4.03915060e-01 
 1.06280000e-09  1.49839697e-01 
 1.07280000e-09  6.48275474e-02 
 1.08280000e-09  1.25785298e-02 
 1.09280000e-09 -2.89369147e-02 
 1.10280000e-09  9.96496868e-02 
 1.11280000e-09  4.62599426e-01 
 1.12280000e-09  8.24166655e-01 
 1.13280000e-09  1.02437198e+00 
 1.14280000e-09  1.10458314e+00 
 1.15280000e-09  1.17731610e+00 
 1.16280000e-09  1.22922125e+00 
 1.17280000e-09  1.08559135e+00 
 1.18280000e-09  7.18284018e-01 
 1.19280000e-09  3.39664983e-01 
 1.20280000e-09  1.23864334e-01 
 1.21280000e-09  5.54461844e-02 
 1.22280000e-09  8.02142822e-04 
 1.23280000e-09 -2.41503491e-02 
 1.24280000e-09  1.54866908e-01 
 1.25280000e-09  5.41211789e-01 
 1.26280000e-09  8.75943578e-01 
 1.27280000e-09  1.04546287e+00 
 1.28280000e-09  1.11717820e+00 
 1.29280000e-09  1.19315482e+00 
 1.30280000e-09  1.22246265e+00 
 1.31280000e-09  1.02621955e+00 
 1.32280000e-09  6.38756485e-01 
 1.33280000e-09  2.81651436e-01 
 1.34280000e-09  1.03866215e-01 
 1.35280000e-09  4.60275973e-02 
 1.36280000e-09 -1.04847216e-02 
 1.37280000e-09 -1.09853504e-02 
 1.38280000e-09  2.18878314e-01 
 1.39280000e-09  6.16825572e-01 
 1.40280000e-09  9.21180658e-01 
 1.41280000e-09  1.06251446e+00 
 1.42280000e-09  1.13037786e+00 
 1.43280000e-09  1.20779329e+00 
 1.44280000e-09  1.20609793e+00 
 1.45280000e-09  9.58625611e-01 
 1.46280000e-09  5.60072912e-01 
 1.47280000e-09  2.31051610e-01 
 1.48280000e-09  8.84931537e-02 
 1.49280000e-09  3.61497042e-02 
 1.50280000e-09 -2.00801538e-02 
 1.51280000e-09  1.25876217e-02 
 1.52280000e-09  2.91519273e-01 
 1.53280000e-09  6.88848990e-01 
 1.54280000e-09  9.60401403e-01 
 1.55280000e-09  1.07707629e+00 
 1.56280000e-09  1.14439747e+00 
 1.57280000e-09  1.21974970e+00 
 1.58280000e-09  1.17939907e+00 
 1.59280000e-09  8.85509487e-01 
 1.60280000e-09  4.84568631e-01 
 1.61280000e-09  1.88616475e-01 
 1.62280000e-09  7.64131049e-02 
 1.63280000e-09  2.55911772e-02 
 1.64280000e-09 -2.67158940e-02 
 1.65280000e-09  4.73947831e-02 
 1.66280000e-09  3.70359981e-01 
 1.67280000e-09  7.55852489e-01 
 1.68280000e-09  9.93638187e-01 
 1.69280000e-09  1.09025531e+00 
 1.70280000e-09  1.15931515e+00 
 1.71280000e-09  1.22754509e+00 
 1.72280000e-09  1.14185702e+00 
 1.73280000e-09  8.08737215e-01 
 1.74280000e-09  4.13834454e-01 
 1.75280000e-09  1.54244829e-01 
 1.76280000e-09  6.62306863e-02 
 1.77280000e-09  1.42940067e-02 
 1.78280000e-09 -2.90382880e-02 
 1.79280000e-09  9.22862546e-02 
 1.80280000e-09  4.50787695e-01 
 1.81280000e-09  8.15922522e-01 
 1.82280000e-09  1.02082719e+00 
 1.83280000e-09  1.10275738e+00 
 1.84280000e-09  1.17495808e+00 
 1.85280000e-09  1.22952530e+00 
 1.86280000e-09  1.09356128e+00 
 1.87280000e-09  7.29988114e-01 
 1.88280000e-09  3.48754960e-01 
 1.89280000e-09  1.27286467e-01 
 1.90280000e-09  5.68132536e-02 
 1.91280000e-09  2.53865608e-03 
 1.92280000e-09 -2.53367823e-02 
 1.93280000e-09  1.46178259e-01 
 1.94280000e-09  5.29778454e-01 
 1.95280000e-09  8.68738703e-01 
 1.96280000e-09  1.04263548e+00 
 1.97280000e-09  1.11529521e+00 
 1.98280000e-09  1.19084468e+00 
 1.99280000e-09  1.22402847e+00 
 2.00280000e-09  1.03552890e+00 
 2.01280000e-09  6.50553824e-01 
 2.02280000e-09  2.89860757e-01 
 2.03280000e-09  1.06524121e-01 
 2.04280000e-09  4.74436026e-02 
 2.05280000e-09 -8.87734556e-03 
 2.06280000e-09 -1.35558429e-02 
 2.07280000e-09  2.08828280e-01 
 2.08280000e-09  6.05816993e-01 
 2.09280000e-09  9.14864808e-01 
 2.10280000e-09  1.06017180e+00 
 2.11280000e-09  1.12837667e+00 
 2.12280000e-09  1.20575377e+00 
 2.13280000e-09  1.20917912e+00 
 2.14280000e-09  9.69058331e-01 
 2.15280000e-09  5.71608143e-01 
 2.16280000e-09  2.38055346e-01 
 2.17280000e-09  9.05384053e-02 
 2.18280000e-09  3.76510491e-02 
 2.19280000e-09 -1.88148879e-02 
 2.20280000e-09  8.36741903e-03 
 2.21280000e-09  2.80267097e-01 
 2.22280000e-09  6.78432794e-01 
 2.23280000e-09  9.54964534e-01 
 2.24280000e-09  1.07501982e+00 
 2.25280000e-09  1.14226778e+00 
 2.26280000e-09  1.21819371e+00 
 2.27280000e-09  1.18402989e+00 
 2.28280000e-09  8.96607537e-01 
 2.29280000e-09  4.95488835e-01 
 2.30280000e-09  1.94380574e-01 
 2.31280000e-09  7.80550844e-02 
 2.32280000e-09  2.71978942e-02 
 2.33280000e-09 -2.59652895e-02 
 2.34280000e-09  4.15525432e-02 
 2.35280000e-09  3.58475002e-01 
 2.36280000e-09  7.46324476e-01 
 2.37280000e-09  9.89105400e-01 
 2.38280000e-09  1.08835673e+00 
 2.39280000e-09  1.15705673e+00 
 2.40280000e-09  1.22671300e+00 
 2.41280000e-09  1.14812565e+00 
 2.42280000e-09  8.20260959e-01 
 2.43280000e-09  4.23957007e-01 
 2.44280000e-09  1.58840834e-01 
 2.45280000e-09  6.76716658e-02 
 2.46280000e-09  1.60032049e-02 
 2.47280000e-09 -2.90213848e-02 
 2.48280000e-09  8.50536224e-02 
 2.49280000e-09  4.38923398e-01 
 2.50280000e-09  8.07489046e-01 
 2.51280000e-09  1.01716743e+00 
 2.52280000e-09  1.10091628e+00 
 2.53280000e-09  1.17261322e+00 
 2.54280000e-09  1.22965388e+00 
 2.55280000e-09  1.10135642e+00 
 2.56280000e-09  7.41704738e-01 
 2.57280000e-09  3.58014843e-01 
 2.58280000e-09  1.30846825e-01 
 2.59280000e-09  5.81953417e-02 
 2.60280000e-09  4.27652824e-03 
 2.61280000e-09 -2.63385425e-02 
 2.62280000e-09  1.37639792e-01 
 2.63280000e-09  5.18247880e-01 
 2.64280000e-09  8.61352089e-01 
 2.65280000e-09  1.03970487e+00 
 2.66280000e-09  1.11340432e+00 
 2.67280000e-09  1.18852618e+00 
 2.68280000e-09  1.22538573e+00 
 2.69280000e-09  1.04469704e+00 
 2.70280000e-09  6.62317693e-01 
 2.71280000e-09  2.98163147e-01 
 2.72280000e-09  1.09260531e-01 
 2.73280000e-09  4.88525266e-02 
 2.74280000e-09 -7.25593001e-03 
 2.75280000e-09 -1.58853534e-02 
 2.76280000e-09  1.98993468e-01 
 2.77280000e-09  5.94776193e-01 
 2.78280000e-09  9.08426685e-01 
 2.79280000e-09  1.05778753e+00 
 2.80280000e-09  1.12638912e+00 
 2.81280000e-09  1.20367712e+00 
 2.82280000e-09  1.21201356e+00 
 2.83280000e-09  9.79342579e-01 
 2.84280000e-09  5.83167868e-01 
 2.85280000e-09  2.45228124e-01 
 2.86280000e-09  9.26469252e-02 
 2.87280000e-09  3.91432387e-02 
 2.88280000e-09 -1.74940401e-02 
 2.89280000e-09  4.42341279e-03 
 2.90280000e-09  2.69175077e-01 
 2.91280000e-09  6.67938377e-01 
 2.92280000e-09  9.49395915e-01 
 2.93280000e-09  1.07294326e+00 
 2.94280000e-09  1.14015171e+00 
 2.95280000e-09  1.21656581e+00 
 2.96280000e-09  1.18840771e+00 
 2.97280000e-09  9.07614463e-01 
 2.98280000e-09  5.06487963e-01 
 2.99280000e-09  2.00322874e-01 
 3.00280000e-09  7.97315780e-02 
 3.01280000e-09  2.87953396e-02 
 3.02280000e-09 -2.51381399e-02 
 3.03280000e-09  3.59575228e-02 
 3.04280000e-09  3.46647903e-01 
 3.05280000e-09  7.36671193e-01 
 3.06280000e-09  9.84437075e-01 
 3.07280000e-09  1.08645330e+00 
 3.08280000e-09  1.15481025e+00 
 3.09280000e-09  1.22577080e+00 
 3.10280000e-09  1.15413091e+00 
 3.11280000e-09  8.31743802e-01 
 3.12280000e-09  4.34202670e-01 
 3.13280000e-09  1.63608722e-01 
 3.14280000e-09  6.91224421e-02 
 3.15280000e-09  1.77085224e-02 
 3.16280000e-09 -2.88905747e-02 
 3.17280000e-09  7.80357285e-02 
 3.18280000e-09  4.27036130e-01 
 3.19280000e-09  7.98911567e-01 
 3.20280000e-09  1.01338144e+00 
 3.21280000e-09  1.09908459e+00 
 3.22280000e-09  1.17027088e+00 
 3.23280000e-09  1.22963644e+00 
 3.24280000e-09  1.10891676e+00 
 3.25280000e-09  7.53398158e-01 
 3.26280000e-09  3.67388014e-01 
 3.27280000e-09  1.34551107e-01 
 3.28280000e-09  5.95689310e-02 
 3.29280000e-09  6.02582104e-03 
 3.30280000e-09 -2.71797189e-02 
 3.31280000e-09  1.29315350e-01 
 3.32280000e-09  5.06663871e-01 
 3.33280000e-09  8.53837068e-01 
 3.34280000e-09  1.03668034e+00 
 3.35280000e-09  1.11154095e+00 
 3.36280000e-09  1.18617943e+00 
 3.37280000e-09  1.22654951e+00 
 3.38280000e-09  1.05365429e+00 
 3.39280000e-09  6.74081279e-01 
 3.40280000e-09  3.06602088e-01 
 3.41280000e-09  1.12110577e-01 
 3.42280000e-09  5.02425610e-02 
 3.43280000e-09 -5.59758594e-03 
 3.44280000e-09 -1.80072960e-02 
 3.45280000e-09  1.89372524e-01 
 3.46280000e-09  5.83665305e-01 
 3.47280000e-09  9.01870733e-01 
 3.48280000e-09  1.05533376e+00 
 3.49280000e-09  1.12442922e+00 
 3.50280000e-09  1.20154252e+00 
 3.51280000e-09  1.21462978e+00 
 3.52280000e-09  9.89468327e-01 
 3.53280000e-09  5.94777873e-01 
 3.54280000e-09  2.52564137e-01 
 3.55280000e-09  9.48425461e-02 
 3.56280000e-09  4.06102541e-02 
 3.57280000e-09 -1.61068647e-02 
 3.58280000e-09  7.22387505e-04 
 3.59280000e-09  2.58268379e-01 
 3.60280000e-09  6.57351599e-01 
 3.61280000e-09  9.43712104e-01 
 3.62280000e-09  1.07082531e+00 
 3.63280000e-09  1.13806612e+00 
 3.64280000e-09  1.21484954e+00 
 3.65280000e-09  1.19255894e+00 
 3.66280000e-09  9.18513727e-01 
 3.67280000e-09  5.17581817e-01 
 3.68280000e-09  2.06432759e-01 
 3.69280000e-09  8.14649933e-02 
 3.70280000e-09  3.03655857e-02 
 3.71280000e-09 -2.42162227e-02 
 3.72280000e-09  3.05871135e-02 
 3.73280000e-09  3.34896598e-01 
 3.74280000e-09  7.26869901e-01 
 3.75280000e-09  9.79644591e-01 
 3.76280000e-09  1.08452330e+00 
 3.77280000e-09  1.15259150e+00 
 3.78280000e-09  1.22470153e+00 
 3.79280000e-09  1.15990024e+00 
 3.80280000e-09  8.43158376e-01 
 3.81280000e-09  4.44571370e-01 
 3.82280000e-09  1.68535517e-01 
 3.83280000e-09  7.06034230e-02 
 3.84280000e-09  1.93895056e-02 
 3.85280000e-09 -2.86305137e-02 
 3.86280000e-09  7.12069697e-02 
 3.87280000e-09  4.15137288e-01 
 3.88280000e-09  7.90163997e-01 
 3.89280000e-09  1.00947951e+00 
 3.90280000e-09  1.09724098e+00 
 3.91280000e-09  1.16794831e+00 
 3.92280000e-09  1.22945769e+00 
 3.93280000e-09  1.11626858e+00 
 3.94280000e-09  7.65066388e-01 
 3.95280000e-09  3.76900769e-01 
 3.96280000e-09  1.38394319e-01 
 3.97280000e-09  6.09561375e-02 
 3.98280000e-09  7.76634605e-03 
 3.99280000e-09 -2.78472874e-02 
 4.00280000e-09  1.21168805e-01 
 4.01280000e-09  4.95022530e-01 
 4.02280000e-09  8.46159081e-01 
 4.03280000e-09  1.03355975e+00 
 4.04280000e-09  1.10967853e+00 
 4.05280000e-09  1.18383006e+00 
 4.06280000e-09  1.22750988e+00 
 4.07280000e-09  1.06242835e+00 
 4.08280000e-09  6.85842008e-01 
 4.09280000e-09  3.15199956e-01 
 4.10280000e-09  1.15067436e-01 
 4.11280000e-09  5.16355208e-02 
 4.12280000e-09 -3.92433298e-03 
 4.13280000e-09 -1.99107863e-02 
 4.14280000e-09  1.79929658e-01 
 4.15280000e-09  5.72480720e-01 
 4.16280000e-09  8.95166546e-01 
 4.17280000e-09  1.05281732e+00 
 4.18280000e-09  1.12247607e+00 
 4.19280000e-09  1.19936962e+00 
 4.20280000e-09  1.21701375e+00 
 4.21280000e-09  9.99463295e-01 
 4.22280000e-09  6.06437708e-01 
 4.23280000e-09  2.60088884e-01 
 4.24280000e-09  9.71179922e-02 
 4.25280000e-09  4.20739084e-02 
 4.26280000e-09 -1.46762906e-02 
 4.27280000e-09 -2.72316634e-03 
 4.28280000e-09  2.47521339e-01 
 4.29280000e-09  6.46676543e-01 
 4.30280000e-09  9.37887699e-01 
 4.31280000e-09  1.06867583e+00 
 4.32280000e-09  1.13599036e+00 
 4.33280000e-09  1.21306702e+00 
 4.34280000e-09  1.19647376e+00 
 4.35280000e-09  9.29336544e-01 
 4.36280000e-09  5.28771768e-01 
 4.37280000e-09  2.12736365e-01 
 4.38280000e-09  8.32467461e-02 
 4.39280000e-09  3.19300778e-02 
 4.40280000e-09 -2.32237369e-02 
 4.41280000e-09  2.54618711e-02 
 4.42280000e-09  3.23208833e-01 
 4.43280000e-09  7.16932337e-01 
 4.44280000e-09  9.74706756e-01 
 4.45280000e-09  1.08257895e+00 
 4.46280000e-09  1.15038187e+00 
 4.47280000e-09  1.22352969e+00 
 4.48280000e-09  1.16541915e+00 
 4.49280000e-09  8.54524887e-01 
 4.50280000e-09  4.55055291e-01 
 4.51280000e-09  1.73641653e-01 
 4.52280000e-09  7.21023029e-02 
 4.53280000e-09  2.10651213e-02 
 4.54280000e-09 -2.82683810e-02 
 4.55280000e-09  6.45892993e-02 
 4.56280000e-09  4.03218302e-01 
 4.57280000e-09  7.81261593e-01 
 4.58280000e-09  1.00544275e+00 
 4.59280000e-09  1.09539923e+00 
 4.60280000e-09  1.16562949e+00 
 4.61280000e-09  1.22914287e+00 
 4.62280000e-09  1.12338803e+00 
 4.63280000e-09  7.76721311e-01 
 4.64280000e-09  3.86537711e-01 
 4.65280000e-09  1.42393490e-01 
 4.66280000e-09  6.23427105e-02 
 4.67280000e-09  9.51749046e-03 
 4.68280000e-09 -2.83714360e-02 
 4.69280000e-09  1.13202087e-01 
 4.70280000e-09  4.83287608e-01 
 4.71280000e-09  8.38314936e-01 
 4.72280000e-09  1.03031608e+00 
 4.73280000e-09  1.10782787e+00 
 4.74280000e-09  1.18146006e+00 
 4.75280000e-09  1.22829449e+00 
 4.76280000e-09  1.07101288e+00 
 4.77280000e-09  6.97632300e-01 
 4.78280000e-09  3.23955310e-01 
 4.79280000e-09  1.18156283e-01 
 4.80280000e-09  5.30174676e-02 
 4.81280000e-09 -2.21703414e-03 
 4.82280000e-09 -2.16260689e-02 
 4.83280000e-09  1.70667759e-01 
 4.84280000e-09  5.61189817e-01 
 4.85280000e-09  8.88317142e-01 
 4.86280000e-09  1.05021804e+00 
 4.87280000e-09  1.12054934e+00 
 4.88280000e-09  1.19714414e+00 
 4.89280000e-09  1.21920170e+00 
 4.90280000e-09  1.00934344e+00 
 4.91280000e-09  6.18201743e-01 
 4.92280000e-09  2.67817631e-01 
 4.93280000e-09  9.95026929e-02 
 4.94280000e-09  4.35229139e-02 
 4.95280000e-09 -1.31795532e-02 
 4.96280000e-09 -5.95076602e-03 
 4.97280000e-09  2.36912601e-01 
 4.98280000e-09  6.35855282e-01 
 4.99280000e-09  9.31912147e-01 
 5.00280000e-09  1.06646548e+00 
 5.01280000e-09  1.13393146e+00 
 5.02280000e-09  1.21119542e+00 
 5.03280000e-09  1.20018825e+00 
 5.04280000e-09  9.40107462e-01 
 5.05280000e-09  5.40116875e-01 
 5.06280000e-09  2.19250275e-01 
 5.07280000e-09  8.51058742e-02 
 5.08280000e-09  3.34778941e-02 
 5.09280000e-09 -2.21505068e-02 
 5.10280000e-09  2.05130692e-02 
 5.11280000e-09  3.11526254e-01 
 5.12280000e-09  7.06775734e-01 
 5.13280000e-09  9.69601876e-01 
 5.14280000e-09  1.08058746e+00 
 5.15280000e-09  1.14818171e+00 
 5.16280000e-09  1.22223102e+00 
 5.17280000e-09  1.17074708e+00 
 5.18280000e-09  8.65910881e-01 
 5.19280000e-09  4.65749217e-01 
 5.20280000e-09  1.78957929e-01 
 5.21280000e-09  7.36516261e-02 
 5.22280000e-09  2.27296103e-02 
 5.23280000e-09 -2.77843874e-02 
 5.24280000e-09  5.81120373e-02 
 5.25280000e-09  3.91200081e-01 
 5.26280000e-09  7.72109720e-01 
 5.27280000e-09  1.00124748e+00 
 5.28280000e-09  1.09352483e+00 
 5.29280000e-09  1.16331222e+00 
 5.30280000e-09  1.22867289e+00 
 5.31280000e-09  1.13035004e+00 
 5.32280000e-09  7.88453176e-01 
 5.33280000e-09  3.96409679e-01 
 5.34280000e-09  1.46583053e-01 
 5.35280000e-09  6.37580686e-02 
 5.36280000e-09  1.12665398e-02 
 5.37280000e-09 -2.87486073e-02 
 5.38280000e-09  1.05417025e-01 
 5.39280000e-09  4.71545817e-01 
 5.40280000e-09  8.30332416e-01 
 5.41280000e-09  1.02698047e+00 
 5.42280000e-09  1.10598151e+00 
 5.43280000e-09  1.17910376e+00 
 5.44280000e-09  1.22888743e+00 
 5.45280000e-09  1.07937962e+00 
 5.46280000e-09  7.09376276e-01 
 5.47280000e-09  3.32835143e-01 
 5.48280000e-09  1.21352229e-01 
 5.49280000e-09  5.44004864e-02 
 5.50280000e-09 -5.07082967e-04 
 5.51280000e-09 -2.31313390e-02 
 5.52280000e-09  1.61610838e-01 
 5.53280000e-09  5.49859773e-01 
 5.54280000e-09  8.81335729e-01 
 5.55280000e-09  1.04754777e+00 
 5.56280000e-09  1.11862667e+00 
 5.57280000e-09  1.19488864e+00 
 5.58280000e-09  1.22113731e+00 
 5.59280000e-09  1.01900604e+00 
 5.60280000e-09  6.29847183e-01 
 5.61280000e-09  2.75579988e-01 
 5.62280000e-09  1.01934305e-01 
 5.63280000e-09  4.49463345e-02 
 5.64280000e-09 -1.16708017e-02 
 5.65280000e-09 -8.88848763e-03 
 5.66280000e-09  2.26626643e-01 
 5.67280000e-09  6.25109545e-01 
 5.68280000e-09  9.25882967e-01 
 5.69280000e-09  1.06424778e+00 
 5.70280000e-09  1.13191128e+00 
 5.71280000e-09  1.20929335e+00 
 5.72280000e-09  1.20361883e+00 
 5.73280000e-09  9.50636962e-01 
 5.74280000e-09  5.51386271e-01 
 5.75280000e-09  2.25864891e-01 
 5.76280000e-09  8.69965916e-02 
 5.77280000e-09  3.49980895e-02 
 5.78280000e-09 -2.10057315e-02 
 5.79280000e-09  1.59331132e-02 
 5.80280000e-09  3.00147432e-01 
 5.81280000e-09  6.96669166e-01 
 5.82280000e-09  9.64440521e-01 
 5.83280000e-09  1.07861058e+00 
 5.84280000e-09  1.14604885e+00 
 5.85280000e-09  1.22088791e+00 
 5.86280000e-09  1.17570632e+00 
 5.87280000e-09  8.76958051e-01 
 5.88280000e-09  4.76284792e-01 
 5.89280000e-09  1.84321196e-01 
 5.90280000e-09  7.51883017e-02 
 5.91280000e-09  2.43458365e-02 
 5.92280000e-09 -2.72223036e-02 
 5.93280000e-09  5.20088817e-02 
 5.94280000e-09  3.79478031e-01 
 5.95280000e-09  7.63032806e-01 
 5.96280000e-09  9.97019473e-01 
 5.97280000e-09  1.09169324e+00 
 5.98280000e-09  1.16105851e+00 
 5.99280000e-09  1.22809008e+00 
 6.00280000e-09  1.13690485e+00 
 6.01280000e-09  7.99869805e-01 
 6.02280000e-09  4.06155280e-01 
 6.03280000e-09  1.50830138e-01 
 6.04280000e-09  6.51413294e-02 
 6.05280000e-09  1.29734323e-02 
 6.06280000e-09 -2.89842185e-02 
 6.07280000e-09  9.79648414e-02 
 6.08280000e-09  4.59932015e-01 
 6.09280000e-09  8.22324814e-01 
 6.10280000e-09  1.02357762e+00 
 6.11280000e-09  1.10417573e+00 
 6.12280000e-09  1.17677793e+00 
 6.13280000e-09  1.22931039e+00 
 6.14280000e-09  1.08740432e+00 
 6.15280000e-09  7.20931685e-01 
 6.16280000e-09  3.41702780e-01 
 6.17280000e-09  1.24628546e-01 
 6.18280000e-09  5.57512125e-02 
 6.19280000e-09  1.19753129e-03 
 6.20280000e-09 -2.44383220e-02 
 6.21280000e-09  1.52893075e-01 
 6.22280000e-09  5.38633413e-01 
 6.23280000e-09  8.74333882e-01 
 6.24280000e-09  1.04482864e+00 
 6.25280000e-09  1.11675622e+00 
 6.26280000e-09  1.19263092e+00 
 6.27280000e-09  1.22283930e+00 
 6.28280000e-09  1.02833229e+00 
 6.29280000e-09  6.41404080e-01 
 6.30280000e-09  2.83465408e-01 
 6.31280000e-09  1.04454167e-01 
 6.32280000e-09  4.63420489e-02 
 6.33280000e-09 -1.01233499e-02 
 6.34280000e-09 -1.15872631e-02 
 6.35280000e-09  2.16607401e-01 
 6.36280000e-09  6.14356277e-01 
 6.37280000e-09  9.19777148e-01 
 6.38280000e-09  1.06198950e+00 
 6.39280000e-09  1.12993059e+00 
 6.40280000e-09  1.20733597e+00 
 6.41280000e-09  1.20681404e+00 
 6.42280000e-09  9.60975625e-01 
 6.43280000e-09  5.62660091e-01 
 6.44280000e-09  2.32605747e-01 
 6.45280000e-09  8.89489445e-02 
 6.46280000e-09  3.64846724e-02 
 6.47280000e-09 -1.97929215e-02 
 6.48280000e-09  1.16176899e-02 
 6.49280000e-09  2.88980156e-01 
 6.50280000e-09  6.86512976e-01 
 6.51280000e-09  9.59193563e-01 
 6.52280000e-09  1.07661319e+00 
 6.53280000e-09  1.14392039e+00 
 6.54280000e-09  1.21940354e+00 
 6.55280000e-09  1.18046479e+00 
 6.56280000e-09  8.88008384e-01 
 6.57280000e-09  4.87017286e-01 
 6.58280000e-09  1.89894153e-01 
 6.59280000e-09  7.67816266e-02 
 6.60280000e-09  2.59504169e-02 
 6.61280000e-09 -2.65510656e-02 
 6.62280000e-09  4.60572722e-02 
 6.63280000e-09  3.67686298e-01 
 6.64280000e-09  7.53719471e-01 
 6.65280000e-09  9.92633395e-01 
 6.66280000e-09  1.08982638e+00 
 6.67280000e-09  1.15880900e+00 
 6.68280000e-09  1.22736496e+00 
 6.69280000e-09  1.14329207e+00 
 6.70280000e-09  8.11336204e-01 
 6.71280000e-09  4.16110245e-01 
 6.72280000e-09  1.55263633e-01 
 6.73280000e-09  6.65571539e-02 
 6.74280000e-09  1.46764490e-02 
 6.75280000e-09 -2.90415727e-02 
 6.76280000e-09  9.06367905e-02 
 6.77280000e-09  4.48121457e-01 
 6.78280000e-09  8.14034260e-01 
 6.79280000e-09  1.02001649e+00 
 6.80280000e-09  1.10233963e+00 
 6.81280000e-09  1.17443259e+00 
 6.82280000e-09  1.22956448e+00 
 6.83280000e-09  1.09533937e+00 
 6.84280000e-09  7.32626039e-01 
 6.85280000e-09  3.50831944e-01 
 6.86280000e-09  1.28073789e-01 
 6.87280000e-09  5.71277471e-02 
 6.88280000e-09  2.92611795e-03 
 6.89280000e-09 -2.55738210e-02 
 6.90280000e-09  1.44233852e-01 
 6.91280000e-09  5.27188386e-01 
 6.92280000e-09  8.67083834e-01 
 6.93280000e-09  1.04198847e+00 
 6.94280000e-09  1.11486571e+00 
 6.95280000e-09  1.19032516e+00 
 6.96280000e-09  1.22434739e+00 
 6.97280000e-09  1.03761478e+00 
 6.98280000e-09  6.53202227e-01 
 6.99280000e-09  2.91721357e-01 
 7.00280000e-09  1.07128954e-01 
 7.01280000e-09  4.77652564e-02 
 7.02280000e-09 -8.51824122e-03 
 7.03280000e-09 -1.40962842e-02 
 7.04280000e-09  2.06591106e-01 
 7.05280000e-09  6.03337439e-01 
 7.06280000e-09  9.13422088e-01 
 7.07280000e-09  1.05964258e+00 
 7.08280000e-09  1.12792409e+00 
 7.09280000e-09  1.20529370e+00 
 7.10280000e-09  1.20983432e+00 
 7.11280000e-09  9.71391596e-01 
 7.12280000e-09  5.74206347e-01 
 7.13280000e-09  2.39659246e-01 
 7.14280000e-09  9.10040356e-02 
 7.15280000e-09  3.79920077e-02 
 7.16280000e-09 -1.85261520e-02 
 7.17280000e-09  7.46039972e-03 
 7.18280000e-09  2.77750194e-01 
 7.19280000e-09  6.76078933e-01 
 7.20280000e-09  9.53717864e-01 
 7.21280000e-09  1.07455765e+00 
 7.22280000e-09  1.14178608e+00 
 7.23280000e-09  1.21783760e+00 
 7.24280000e-09  1.18503357e+00 
 7.25280000e-09  8.99098792e-01 
 7.26280000e-09  4.97956529e-01 
 7.27280000e-09  1.95706687e-01 
 7.28280000e-09  7.84258451e-02 
 7.29280000e-09  2.75626554e-02 
 7.30280000e-09 -2.57903688e-02 
 7.31280000e-09  4.02759931e-02 
 7.32280000e-09  3.55803544e-01 
 7.33280000e-09  7.44165853e-01 
 7.34280000e-09  9.88062772e-01 
 7.35280000e-09  1.08793247e+00 
 7.36280000e-09  1.15654616e+00 
 7.37280000e-09  1.22651485e+00 
 7.38280000e-09  1.14949590e+00 
 7.39280000e-09  8.22854362e-01 
 7.40280000e-09  4.26251267e-01 
 7.41280000e-09  1.59902571e-01 
 7.42280000e-09  6.79935708e-02 
 7.43280000e-09  1.63917539e-02 
 7.44280000e-09 -2.90064275e-02 
 7.45280000e-09  8.34603419e-02 
 7.46280000e-09  4.36247211e-01 
 7.47280000e-09  8.05575436e-01 
 7.48280000e-09  1.01632316e+00 
 7.49280000e-09  1.10050712e+00 
 7.50280000e-09  1.17208208e+00 
 7.51280000e-09  1.22966691e+00 
 7.52280000e-09  1.10307328e+00 
 7.53280000e-09  7.44340193e-01 
 7.54280000e-09  3.60109957e-01 
 7.55280000e-09  1.31670468e-01 
 7.56280000e-09  5.85009881e-02 
 7.57280000e-09  4.67335502e-03 
 7.58280000e-09 -2.65461407e-02 
 7.59280000e-09  1.35754211e-01 
 7.60280000e-09  5.15645220e-01 
 7.61280000e-09  8.59677805e-01 
 7.62280000e-09  1.03903054e+00 
 7.63280000e-09  1.11298718e+00 
 7.64280000e-09  1.18799641e+00 
 7.65280000e-09  1.22566811e+00 
 7.66280000e-09  1.04672498e+00 
 7.67280000e-09  6.64965378e-01 
 7.68280000e-09  3.00045178e-01 
 7.69280000e-09  1.09894432e-01 
 7.70280000e-09  4.91625799e-02 
 7.71280000e-09 -6.88176650e-03 
 7.72280000e-09 -1.63848047e-02 
 7.73280000e-09  1.96816633e-01 
 7.74280000e-09  5.92281911e-01 
 7.75280000e-09  9.06967267e-01 
 7.76280000e-09  1.05723875e+00 
 7.77280000e-09  1.12594993e+00 
 7.78280000e-09  1.20319817e+00 
 7.79280000e-09  1.21262464e+00 
 7.80280000e-09  9.81628051e-01 
 7.81280000e-09  5.85775575e-01 
 7.82280000e-09  2.46859233e-01 
 7.83280000e-09  9.31359463e-02 
 7.84280000e-09  3.94710333e-02 
 7.85280000e-09 -1.71833200e-02 
 7.86280000e-09  3.56585902e-03 
 7.87280000e-09  2.66710975e-01 
 7.88280000e-09  6.65563414e-01 
 7.89280000e-09  9.48132005e-01 
 7.90280000e-09  1.07246740e+00 
 7.91280000e-09  1.13968397e+00 
 7.92280000e-09  1.21618332e+00 
 7.93280000e-09  1.18936449e+00 
 7.94280000e-09  9.10069904e-01 
 7.95280000e-09  5.08976237e-01 
 7.96280000e-09  2.01678342e-01 
 7.97280000e-09  8.01195986e-02 
 7.98280000e-09  2.91466025e-02 
 7.99280000e-09 -2.49342981e-02 
 8.00280000e-09  3.47254921e-02 
 8.01280000e-09  3.44001512e-01 
 8.02280000e-09  7.34476258e-01 
 8.03280000e-09  9.83373587e-01 
 8.04280000e-09  1.08601811e+00 
 8.05280000e-09  1.15431250e+00 
 8.06280000e-09  1.22553689e+00 
 8.07280000e-09  1.15545327e+00 
 8.08280000e-09  8.34313951e-01 
 8.09280000e-09  4.36527347e-01 
 8.10280000e-09  1.64699915e-01 
 8.11280000e-09  6.94565193e-02 
 8.12280000e-09  1.80847526e-02 
 8.13280000e-09 -2.88384209e-02 
 8.14280000e-09  7.64777091e-02 
 8.15280000e-09  4.24361858e-01 
 8.16280000e-09  7.96953892e-01 
 8.17280000e-09  1.01251676e+00 
 8.18280000e-09  1.09866719e+00 
 8.19280000e-09  1.16975001e+00 
 8.20280000e-09  1.22960581e+00 
 8.21280000e-09  1.11059443e+00 
 8.22280000e-09  7.56024420e-01 
 8.23280000e-09  3.69520897e-01 
 8.24280000e-09  1.35401057e-01 
 8.25280000e-09  5.98838473e-02 
 8.26280000e-09  6.41445950e-03 
 8.27280000e-09 -2.73403556e-02 
 8.28280000e-09  1.27460267e-01 
 8.29280000e-09  5.04049162e-01 
 8.30280000e-09  8.52117985e-01 
 8.31280000e-09  1.03598922e+00 
 8.32280000e-09  1.11111777e+00 
 8.33280000e-09  1.18565396e+00 
 8.34280000e-09  1.22677927e+00 
 8.35280000e-09  1.05565176e+00 
 8.36280000e-09  6.76729131e-01 
 8.37280000e-09  3.08529213e-01 
 8.38280000e-09  1.12764313e-01 
 8.39280000e-09  5.05600755e-02 
 8.40280000e-09 -5.22594951e-03 
 8.41280000e-09 -1.84505893e-02 
 8.42280000e-09  1.87224412e-01 
 8.43280000e-09  5.81153604e-01 
 8.44280000e-09  9.00368919e-01 
 8.45280000e-09  1.05477559e+00 
 8.46280000e-09  1.12398480e+00 
 8.47280000e-09  1.20105982e+00 
 8.48280000e-09  1.21518346e+00 
 8.49280000e-09  9.91737539e-01 
 8.50280000e-09  5.97399905e-01 
 8.51280000e-09  2.54247524e-01 
 8.52280000e-09  9.53452072e-02 
 8.53280000e-09  4.09444476e-02 
 8.54280000e-09 -1.57924328e-02 
 8.55280000e-09 -7.20235507e-05 
 8.56280000e-09  2.55827660e-01 
 8.57280000e-09  6.54955767e-01 
 8.58280000e-09  9.42407881e-01 
 8.59280000e-09  1.07034704e+00 
 8.60280000e-09  1.13759377e+00 
 8.61280000e-09  1.21445740e+00 
 8.62280000e-09  1.19345808e+00 
 8.63280000e-09  9.20964177e-01 
 8.64280000e-09  5.20093343e-01 
 8.65280000e-09  2.07839928e-01 
 8.66280000e-09  8.18588572e-02 
 8.67280000e-09  3.07226809e-02 
 8.68280000e-09 -2.40031028e-02 
 8.69280000e-09  2.94150941e-02 
 8.70280000e-09  3.32253450e-01 
 8.71280000e-09  7.24645670e-01 
 8.72280000e-09  9.78541293e-01 
 8.73280000e-09  1.08408995e+00 
 8.74280000e-09  1.15208925e+00 
 8.75280000e-09  1.22445042e+00 
 8.76280000e-09  1.16116152e+00 
 8.77280000e-09  8.45726980e-01 
 8.78280000e-09  4.46920374e-01 
 8.79280000e-09  1.69673144e-01 
 8.80280000e-09  7.09358350e-02 
 8.81280000e-09  1.97714224e-02 
 8.82280000e-09 -2.85622337e-02 
 8.83280000e-09  6.97028173e-02 
 8.84280000e-09  4.12452084e-01 
 8.85280000e-09  7.88176626e-01 
 8.86280000e-09  1.00857924e+00 
 8.87280000e-09  1.09682970e+00 
 8.88280000e-09  1.16742231e+00 
 8.89280000e-09  1.22940263e+00 
 8.90280000e-09  1.11788749e+00 
 8.91280000e-09  7.67693775e-01 
 8.92280000e-09  3.79055735e-01 
 8.93280000e-09  1.39283822e-01 
 8.94280000e-09  6.12642703e-02 
 8.95280000e-09  8.16314545e-03 
 8.96280000e-09 -2.79816404e-02 
 8.97280000e-09  1.19368599e-01 
 8.98280000e-09  4.92392787e-01 
 8.99280000e-09  8.44415999e-01 
 9.00280000e-09  1.03283909e+00 
 9.01280000e-09  1.10926551e+00 
 9.02280000e-09  1.18329596e+00 
 9.03280000e-09  1.22770512e+00 
 9.04280000e-09  1.06436792e+00 
 9.05280000e-09  6.88488741e-01 
 9.06280000e-09  3.17148283e-01 
 9.07280000e-09  1.15752066e-01 
 9.08280000e-09  5.19428208e-02 
 9.09280000e-09 -3.53983298e-03 
 9.10280000e-09 -2.03163627e-02 
 9.11280000e-09  1.77839655e-01 
 9.12280000e-09  5.69953578e-01 
 9.13280000e-09  8.93645934e-01 
 9.14280000e-09  1.05223745e+00 
 9.15280000e-09  1.12204400e+00 
 9.16280000e-09  1.19887050e+00 
 9.17280000e-09  1.21752377e+00 
 9.18280000e-09  1.00168204e+00 
 9.19280000e-09  6.09066040e-01 
 9.20280000e-09  2.61798823e-01 
 9.21280000e-09  9.76454715e-02 
 9.22280000e-09  4.23958331e-02 
 9.23280000e-09 -1.43424185e-02 
 9.24280000e-09 -3.46933934e-03 
 9.25280000e-09  2.45136902e-01 
 9.26280000e-09  6.44262749e-01 
 9.27280000e-09  9.36566108e-01 
 9.28280000e-09  1.06818297e+00 
 9.29280000e-09  1.13553128e+00 
 9.30280000e-09  1.21265158e+00 
 9.31280000e-09  1.19732688e+00 
 9.32280000e-09  9.31749600e-01 
 9.33280000e-09  5.31301700e-01 
 9.34280000e-09  2.14173608e-01 
 9.35280000e-09  8.36594198e-02 
 9.36280000e-09  3.22743284e-02 
 9.37280000e-09 -2.30060371e-02 
 9.38280000e-09  2.42942557e-02 
 9.39280000e-09  3.20560378e-01 
 9.40280000e-09  7.14650873e-01 
 9.41280000e-09  9.73570042e-01 
 9.42280000e-09  1.08212921e+00 
 9.43280000e-09  1.14988588e+00 
 9.44280000e-09  1.22324260e+00 
 9.45280000e-09  1.16664837e+00 
 9.46280000e-09  8.57102363e-01 
 9.47280000e-09  4.57465002e-01 
 9.48280000e-09  1.74825789e-01 
 9.49280000e-09  7.24524979e-02 
 9.50280000e-09  2.14398522e-02 
 9.51280000e-09 -2.81647603e-02 
 9.52280000e-09  6.31026008e-02 
 9.53280000e-09  4.00502484e-01 
 9.54280000e-09  7.79203510e-01 
 9.55280000e-09  1.00450798e+00 
 9.56280000e-09  1.09497353e+00 
 9.57280000e-09  1.16510687e+00 
 9.58280000e-09  1.22904581e+00 
 9.59280000e-09  1.12498626e+00 
 9.60280000e-09  7.79375369e-01 
 9.61280000e-09  3.88761827e-01 
 9.62280000e-09  1.43325045e-01 
 9.63280000e-09  6.26648398e-02 
 9.64280000e-09  9.91064931e-03 
 9.65280000e-09 -2.84631853e-02 
 9.66280000e-09  1.11410688e-01 
 9.67280000e-09  4.80613347e-01 
 9.68280000e-09  8.36503256e-01 
 9.69280000e-09  1.02956665e+00 
 9.70280000e-09  1.10740322e+00 
 9.71280000e-09  1.18092493e+00 
 9.72280000e-09  1.22844235e+00 
 9.73280000e-09  1.07294385e+00 
 9.74280000e-09  7.00311859e-01 
 9.75280000e-09  3.25972606e-01 
 9.76280000e-09  1.18872641e-01 
 9.77280000e-09  5.33363528e-02 
 9.78280000e-09 -1.83114046e-03 
 9.79280000e-09 -2.19832770e-02 
 9.80280000e-09  1.68579825e-01 
 9.81280000e-09  5.58611353e-01 
 9.82280000e-09  8.86732792e-01 
 9.83280000e-09  1.04961811e+00 
 9.84280000e-09  1.12010638e+00 
 9.85280000e-09  1.19663494e+00 
 9.86280000e-09  1.21966007e+00 
 9.87280000e-09  1.01156828e+00 
 9.88280000e-09  6.20874340e-01 
 9.89280000e-09  2.69600794e-01 
 9.90280000e-09  1.00053367e-01 
 9.91280000e-09  4.38550858e-02 
 9.92280000e-09 -1.28387970e-02 
 9.93280000e-09 -6.64403754e-03 
 9.94280000e-09  2.34525341e-01 
 9.95280000e-09  6.33390605e-01 
 9.96280000e-09  9.30532821e-01 
 9.97280000e-09  1.06596155e+00 
 9.98280000e-09  1.13346217e+00 
 9.99280000e-09  1.21076603e+00 
 1.00000000e-08  1.22833327e+00 
